,0
0,21
1,30
2,52
3,26
4,72
5,76
6,77
7,51
8,41
9,76
10,7
11,81
12,95
13,69
14,12
15,5
16,32
17,74
18,1
19,86
20,42
21,65
22,54
23,98
24,65
25,44
26,34
27,37
28,76
29,70
30,10
31,97
32,30
33,74
34,52
35,22
36,58
37,11
38,39
39,32
40,43
41,62
42,86
43,53
44,88
45,21
46,41
47,26
48,13
49,32
50,47
51,97
52,13
53,25
54,39
55,77
56,98
57,83
58,94
59,44
60,86
61,24
62,56
63,40
64,13
65,36
66,15
67,41
68,41
69,64
70,8
71,37
72,22
73,98
74,81
75,81
76,62
77,27
78,84
79,5
80,93
81,56
82,77
83,16
84,70
85,9
86,69
87,40
88,2
89,43
90,35
91,61
92,78
93,96
94,82
95,11
96,22
97,60
98,11
99,77
100,71
101,48
102,20
103,77
104,7
105,63
106,77
107,51
108,20
109,1
110,89
111,59
112,96
113,36
114,80
115,58
116,68
117,52
118,5
119,76
120,23
121,9
122,47
123,11
124,91
125,92
126,37
127,50
128,31
129,73
130,43
131,23
132,7
133,63
134,13
135,26
136,31
137,66
138,20
139,17
140,98
141,77
142,84
143,39
144,44
145,30
146,52
147,1
148,52
149,13
150,66
151,98
152,2
153,27
154,96
155,76
156,45
157,99
158,61
159,42
160,44
161,75
162,21
163,76
164,1
165,59
166,17
167,37
168,36
169,49
170,4
171,26
172,7
173,66
174,15
175,78
176,19
177,78
178,89
179,41
180,72
181,36
182,64
183,22
184,89
185,54
186,75
187,86
188,56
189,58
190,31
191,25
192,9
193,51
194,5
195,62
196,5
197,64
198,74
199,88
200,65
201,79
202,80
203,32
204,96
205,63
206,68
207,41
208,88
209,37
210,61
211,46
212,68
213,4
214,43
215,37
216,30
217,1
218,57
219,8
220,7
221,62
222,64
223,98
224,40
225,54
226,16
227,16
228,97
229,77
230,11
231,80
232,59
233,3
234,97
235,54
236,49
237,71
238,39
239,98
240,7
241,63
242,16
243,53
244,60
245,56
246,38
247,83
248,37
249,61
250,36
251,29
252,80
253,40
254,20
255,95
256,95
257,42
258,15
259,16
260,56
261,20
262,77
263,97
264,42
265,68
266,69
267,94
268,30
269,27
270,87
271,98
272,92
273,91
274,50
275,61
276,54
277,92
278,30
279,51
280,71
281,22
282,17
283,7
284,98
285,86
286,17
287,26
288,53
289,76
290,6
291,95
292,62
293,3
294,33
295,64
296,59
297,64
298,76
299,48
300,21
301,8
302,39
303,80
304,30
305,84
306,70
307,11
308,7
309,23
310,36
311,13
312,47
313,11
314,8
315,6
316,69
317,37
318,15
319,27
320,60
321,21
322,4
323,93
324,8
325,35
326,41
327,18
328,95
329,97
330,25
331,17
332,43
333,46
334,5
335,81
336,83
337,29
338,49
339,6
340,13
341,84
342,11
343,17
344,64
345,42
346,89
347,63
348,86
349,12
350,35
351,37
352,20
353,60
354,12
355,58
356,69
357,22
358,76
359,24
360,35
361,81
362,59
363,59
364,40
365,54
366,90
367,10
368,82
369,72
370,26
371,58
372,60
373,45
374,72
375,72
376,68
377,42
378,13
379,48
380,87
381,25
382,76
383,32
384,13
385,33
386,54
387,29
388,84
389,39
390,67
391,0
392,81
393,62
394,66
395,13
396,74
397,53
398,90
399,16
400,93
401,32
402,61
403,60
404,60
405,91
406,19
407,53
408,21
409,78
410,33
411,69
412,52
413,76
414,18
415,26
416,74
417,57
418,6
419,59
420,32
421,93
422,96
423,11
424,27
425,31
426,34
427,93
428,24
429,39
430,14
431,60
432,76
433,46
434,53
435,95
436,44
437,8
438,86
439,60
440,21
441,50
442,56
443,25
444,37
445,12
446,0
447,9
448,79
449,21
450,10
451,11
452,8
453,82
454,10
455,6
456,46
457,76
458,76
459,52
460,85
461,98
462,37
463,80
464,25
465,15
466,36
467,89
468,77
469,54
470,80
471,36
472,90
473,80
474,56
475,84
476,25
477,91
478,80
479,94
480,8
481,13
482,9
483,13
484,5
485,35
486,67
487,79
488,97
489,8
490,31
491,1
492,48
493,26
494,25
495,92
496,61
497,90
498,6
499,64
500,36
501,86
502,64
503,13
504,76
505,74
506,58
507,71
508,12
509,39
510,80
511,12
512,28
513,93
514,97
515,36
516,77
517,9
518,66
519,60
520,69
521,26
522,63
523,73
524,94
525,38
526,51
527,74
528,66
529,90
530,63
531,9
532,35
533,27
534,74
535,91
536,63
537,98
538,0
539,14
540,37
541,1
542,74
543,26
544,60
545,5
546,6
547,62
548,33
549,86
550,68
551,49
552,54
553,13
554,13
555,7
556,47
557,6
558,61
559,95
560,33
561,54
562,75
563,1
564,61
565,12
566,37
567,13
568,76
569,57
570,70
571,66
572,87
573,40
574,89
575,64
576,37
577,43
578,94
579,82
580,99
581,95
582,55
583,24
584,86
585,10
586,27
587,84
588,57
589,44
590,84
591,89
592,2
593,70
594,27
595,71
596,96
597,7
598,36
599,78
600,6
601,91
602,15
603,31
604,63
605,99
606,44
607,2
608,37
609,17
610,18
611,98
612,93
613,92
614,81
615,77
616,34
617,31
618,88
619,0
620,67
621,11
622,90
623,68
624,72
625,96
626,49
627,57
628,43
629,28
630,2
631,72
632,43
633,37
634,82
635,98
636,76
637,20
638,89
639,67
640,52
641,32
642,80
643,34
644,98
645,45
646,69
647,53
648,50
649,17
650,89
651,8
652,28
653,56
654,98
655,6
656,63
657,80
658,98
659,1
660,78
661,51
662,51
663,33
664,0
665,8
666,38
667,53
668,54
669,76
670,86
671,58
672,7
673,62
674,75
675,21
676,13
677,21
678,54
679,21
680,59
681,78
682,25
683,33
684,96
685,37
686,38
687,10
688,7
689,65
690,35
691,73
692,72
693,34
694,34
695,7
696,89
697,58
698,11
699,37
700,41
701,72
702,31
703,87
704,95
705,40
706,46
707,75
708,6
709,1
710,11
711,55
712,8
713,97
714,72
715,13
716,79
717,51
718,75
719,99
720,83
721,69
722,86
723,25
724,47
725,29
726,20
727,25
728,98
729,61
730,70
731,40
732,6
733,71
734,23
735,11
736,39
737,97
738,68
739,70
740,38
741,43
742,60
743,77
744,40
745,28
746,79
747,35
748,1
749,89
750,1
751,16
752,54
753,79
754,80
755,63
756,46
757,2
758,70
759,8
760,48
761,12
762,21
763,30
764,5
765,70
766,69
767,72
768,5
769,73
770,78
771,65
772,7
773,11
774,69
775,79
776,76
777,82
778,60
779,92
780,69
781,39
782,33
783,73
784,24
785,68
786,85
787,62
788,37
789,13
790,38
791,46
792,69
793,55
794,97
795,4
796,21
797,70
798,97
799,75
800,21
801,9
802,22
803,36
804,17
805,41
806,10
807,93
808,23
809,37
810,49
811,62
812,70
813,40
814,38
815,13
816,8
817,41
818,60
819,92
820,39
821,19
822,5
823,48
824,70
825,63
826,33
827,53
828,99
829,96
830,15
831,26
832,45
833,86
834,4
835,58
836,76
837,35
838,88
839,12
840,88
841,77
842,18
843,97
844,13
845,17
846,66
847,25
848,47
849,13
850,61
851,7
852,26
853,40
854,90
855,64
856,22
857,69
858,89
859,70
860,53
861,76
862,43
863,13
864,21
865,54
866,27
867,23
868,80
869,74
870,9
871,20
872,66
873,96
874,11
875,44
876,76
877,21
878,59
879,33
880,97
881,41
882,8
883,91
884,7
885,65
886,69
887,55
888,37
889,70
890,32
891,87
892,32
893,54
894,7
895,51
896,69
897,0
898,97
899,98
900,80
901,25
902,21
903,14
904,8
905,16
906,39
907,51
908,11
909,81
910,38
911,34
912,72
913,69
914,87
915,98
916,45
917,20
918,67
919,30
920,61
921,62
922,51
923,98
924,3
925,19
926,9
927,37
928,84
929,74
930,10
931,42
932,7
933,36
934,23
935,55
936,68
937,94
938,24
939,75
940,65
941,86
942,25
943,50
944,94
945,63
946,20
947,46
948,26
949,26
950,41
951,56
952,64
953,93
954,34
955,76
956,1
957,18
958,62
959,47
960,22
961,47
962,5
963,38
964,62
965,20
966,78
967,66
968,76
969,45
970,95
971,93
972,24
973,53
974,26
975,98
976,76
977,87
978,37
979,5
980,75
981,91
982,37
983,5
984,48
985,22
986,11
987,43
988,30
989,93
990,40
991,33
992,20
993,19
994,47
995,19
996,0
997,11
998,70
999,78
1000,23
1001,12
1002,79
1003,18
1004,41
1005,81
1006,7
1007,59
1008,8
1009,78
1010,91
1011,32
1012,42
1013,94
1014,17
1015,31
1016,70
1017,62
1018,94
1019,71
1020,77
1021,61
1022,86
1023,43
1024,64
1025,32
1026,36
1027,75
1028,88
1029,68
1030,80
1031,40
1032,64
1033,15
1034,23
1035,25
1036,1
1037,37
1038,15
1039,53
1040,34
1041,30
1042,94
1043,85
1044,45
1045,78
1046,77
1047,23
1048,99
1049,24
1050,71
1051,40
1052,98
1053,43
1054,30
1055,93
1056,57
1057,27
1058,27
1059,21
1060,83
1061,37
1062,18
1063,12
1064,7
1065,25
1066,61
1067,99
1068,61
1069,51
1070,97
1071,90
1072,8
1073,40
1074,83
1075,6
1076,56
1077,32
1078,13
1079,27
1080,56
1081,42
1082,17
1083,75
1084,20
1085,21
1086,78
1087,25
1088,35
1089,26
1090,70
1091,8
1092,41
1093,45
1094,69
1095,81
1096,96
1097,48
1098,51
1099,47
1100,2
1101,88
1102,2
1103,45
1104,8
1105,62
1106,74
1107,74
1108,90
1109,83
1110,1
1111,61
1112,93
1113,15
1114,13
1115,81
1116,53
1117,5
1118,14
1119,1
1120,53
1121,53
1122,24
1123,24
1124,63
1125,78
1126,53
1127,4
1128,84
1129,11
1130,43
1131,13
1132,64
1133,24
1134,23
1135,98
1136,13
1137,53
1138,63
1139,90
1140,30
1141,58
1142,81
1143,25
1144,18
1145,65
1146,25
1147,56
1148,47
1149,94
1150,33
1151,98
1152,26
1153,53
1154,17
1155,67
1156,64
1157,96
1158,23
1159,14
1160,53
1161,28
1162,14
1163,27
1164,22
1165,26
1166,26
1167,30
1168,64
1169,78
1170,34
1171,60
1172,53
1173,0
1174,34
1175,23
1176,17
1177,2
1178,53
1179,56
1180,71
1181,74
1182,84
1183,86
1184,7
1185,96
1186,8
1187,36
1188,24
1189,23
1190,55
1191,2
1192,2
1193,39
1194,77
1195,42
1196,22
1197,85
1198,37
1199,86
1200,12
1201,7
1202,67
1203,87
1204,98
1205,70
1206,56
1207,8
1208,59
1209,21
1210,8
1211,57
1212,63
1213,47
1214,18
1215,45
1216,17
1217,98
1218,69
1219,70
1220,4
1221,63
1222,64
1223,5
1224,99
1225,63
1226,93
1227,41
1228,81
1229,18
1230,68
1231,38
1232,35
1233,53
1234,25
1235,27
1236,59
1237,25
1238,20
1239,55
1240,94
1241,61
1242,87
1243,11
1244,51
1245,95
1246,62
1247,36
1248,9
1249,53
1250,63
1251,87
1252,77
1253,90
1254,24
1255,95
1256,24
1257,40
1258,79
1259,10
1260,14
1261,80
1262,18
1263,8
1264,43
1265,27
1266,15
1267,87
1268,62
1269,88
1270,24
1271,13
1272,7
1273,39
1274,78
1275,99
1276,37
1277,35
1278,17
1279,90
1280,26
1281,40
1282,22
1283,38
1284,42
1285,11
1286,30
1287,31
1288,51
1289,77
1290,74
1291,2
1292,29
1293,82
1294,37
1295,6
1296,1
1297,0
1298,48
1299,26
1300,5
1301,87
1302,56
1303,66
1304,1
1305,98
1306,18
1307,43
1308,63
1309,69
1310,4
1311,95
1312,15
1313,51
1314,70
1315,99
1316,87
1317,49
1318,67
1319,87
1320,69
1321,37
1322,7
1323,38
1324,94
1325,8
1326,51
1327,62
1328,63
1329,46
1330,45
1331,30
1332,15
1333,81
1334,52
1335,74
1336,6
1337,85
1338,37
1339,5
1340,97
1341,56
1342,83
1343,13
1344,65
1345,64
1346,88
1347,13
1348,93
1349,37
1350,95
1351,11
1352,88
1353,61
1354,6
1355,81
1356,94
1357,31
1358,32
1359,36
1360,22
1361,85
1362,21
1363,19
1364,84
1365,65
1366,10
1367,69
1368,87
1369,63
1370,16
1371,40
1372,9
1373,79
1374,36
1375,40
1376,37
1377,54
1378,58
1379,53
1380,31
1381,52
1382,38
1383,75
1384,77
1385,7
1386,77
1387,55
1388,43
1389,86
1390,84
1391,52
1392,45
1393,73
1394,35
1395,21
1396,58
1397,53
1398,68
1399,88
1400,88
1401,42
1402,97
1403,72
1404,50
1405,4
1406,27
1407,24
1408,36
1409,42
1410,46
1411,8
1412,13
1413,95
1414,11
1415,49
1416,63
1417,64
1418,52
1419,54
1420,90
1421,74
1422,53
1423,57
1424,33
1425,70
1426,11
1427,43
1428,57
1429,8
1430,51
1431,60
1432,98
1433,32
1434,34
1435,18
1436,12
1437,89
1438,58
1439,2
1440,17
1441,41
1442,52
1443,57
1444,8
1445,89
1446,50
1447,71
1448,13
1449,76
1450,59
1451,29
1452,15
1453,22
1454,64
1455,76
1456,19
1457,11
1458,37
1459,14
1460,47
1461,75
1462,20
1463,71
1464,68
1465,96
1466,93
1467,63
1468,83
1469,46
1470,25
1471,78
1472,77
1473,34
1474,35
1475,49
1476,25
1477,5
1478,98
1479,50
1480,72
1481,87
1482,98
1483,93
1484,32
1485,93
1486,11
1487,44
1488,92
1489,68
1490,70
1491,74
1492,54
1493,36
1494,49
1495,59
1496,44
1497,10
1498,56
1499,69
1500,14
1501,6
1502,46
1503,51
1504,57
1505,14
1506,11
1507,8
1508,11
1509,98
1510,76
1511,33
1512,96
1513,31
1514,40
1515,69
1516,37
1517,37
1518,30
1519,95
1520,73
1521,95
1522,63
1523,19
1524,83
1525,36
1526,77
1527,75
1528,60
1529,54
1530,42
1531,27
1532,49
1533,15
1534,27
1535,20
1536,22
1537,76
1538,60
1539,70
1540,91
1541,23
1542,46
1543,40
1544,56
1545,7
1546,98
1547,51
1548,63
1549,77
1550,40
1551,7
1552,70
1553,34
1554,27
1555,54
1556,98
1557,10
1558,69
1559,56
1560,63
1561,39
1562,37
1563,26
1564,46
1565,76
1566,42
1567,45
1568,25
1569,97
1570,24
1571,91
1572,24
1573,57
1574,48
1575,36
1576,54
1577,90
1578,49
1579,57
1580,52
1581,67
1582,8
1583,78
1584,67
1585,25
1586,95
1587,93
1588,90
1589,69
1590,40
1591,27
1592,5
1593,97
1594,67
1595,83
1596,66
1597,74
1598,90
1599,21
1600,36
1601,2
1602,1
1603,72
1604,30
1605,48
1606,8
1607,8
1608,90
1609,7
1610,86
1611,7
1612,75
1613,67
1614,7
1615,59
1616,98
1617,61
1618,70
1619,98
1620,92
1621,90
1622,33
1623,9
1624,2
1625,59
1626,44
1627,93
1628,78
1629,54
1630,64
1631,80
1632,77
1633,48
1634,50
1635,22
1636,86
1637,36
1638,6
1639,18
1640,86
1641,8
1642,28
1643,90
1644,37
1645,0
1646,70
1647,92
1648,8
1649,42
1650,39
1651,12
1652,53
1653,1
1654,11
1655,86
1656,12
1657,54
1658,17
1659,64
1660,48
1661,37
1662,30
1663,69
1664,48
1665,18
1666,63
1667,84
1668,24
1669,52
1670,9
1671,92
1672,46
1673,30
1674,89
1675,71
1676,48
1677,77
1678,51
1679,16
1680,57
1681,57
1682,1
1683,24
1684,42
1685,94
1686,84
1687,86
1688,83
1689,84
1690,67
1691,32
1692,37
1693,36
1694,10
1695,45
1696,61
1697,41
1698,70
1699,22
1700,67
1701,93
1702,21
1703,58
1704,15
1705,53
1706,87
1707,90
1708,1
1709,72
1710,77
1711,5
1712,94
1713,56
1714,84
1715,90
1716,48
1717,67
1718,15
1719,98
1720,73
1721,62
1722,87
1723,19
1724,11
1725,76
1726,89
1727,76
1728,63
1729,9
1730,35
1731,57
1732,35
1733,80
1734,69
1735,69
1736,42
1737,10
1738,21
1739,20
1740,60
1741,68
1742,18
1743,83
1744,84
1745,21
1746,20
1747,98
1748,14
1749,45
1750,27
1751,6
1752,69
1753,77
1754,76
1755,17
1756,47
1757,56
1758,63
1759,21
1760,51
1761,46
1762,85
1763,58
1764,86
1765,16
1766,60
1767,93
1768,62
1769,73
1770,98
1771,69
1772,81
1773,91
1774,59
1775,13
1776,83
1777,93
1778,37
1779,79
1780,86
1781,2
1782,11
1783,33
1784,77
1785,22
1786,39
1787,63
1788,62
1789,54
1790,52
1791,55
1792,7
1793,14
1794,14
1795,98
1796,50
1797,26
1798,24
1799,17
1800,73
1801,77
1802,82
1803,12
1804,76
1805,32
1806,52
1807,83
1808,33
1809,18
1810,0
1811,30
1812,73
1813,87
1814,25
1815,92
1816,11
1817,72
1818,2
1819,1
1820,70
1821,2
1822,80
1823,30
1824,26
1825,32
1826,66
1827,21
1828,30
1829,47
1830,88
1831,31
1832,89
1833,38
1834,63
1835,60
1836,64
1837,7
1838,34
1839,1
1840,92
1841,37
1842,2
1843,59
1844,64
1845,94
1846,55
1847,2
1848,0
1849,6
1850,56
1851,93
1852,73
1853,13
1854,73
1855,23
1856,1
1857,71
1858,56
1859,46
1860,72
1861,46
1862,28
1863,42
1864,75
1865,22
1866,93
1867,0
1868,96
1869,3
1870,44
1871,11
1872,47
1873,76
1874,23
1875,5
1876,15
1877,78
1878,30
1879,78
1880,18
1881,21
1882,5
1883,15
1884,52
1885,37
1886,69
1887,11
1888,25
1889,26
1890,7
1891,55
1892,60
1893,64
1894,32
1895,15
1896,3
1897,45
1898,5
1899,56
1900,76
1901,33
1902,95
1903,78
1904,30
1905,27
1906,78
1907,89
1908,15
1909,21
1910,93
1911,6
1912,54
1913,67
1914,26
1915,23
1916,61
1917,56
1918,17
1919,54
1920,15
1921,59
1922,37
1923,78
1924,67
1925,98
1926,60
1927,39
1928,47
1929,6
1930,5
1931,53
1932,62
1933,77
1934,88
1935,77
1936,41
1937,82
1938,12
1939,39
1940,5
1941,46
1942,89
1943,21
1944,42
1945,39
1946,8
1947,37
1948,8
1949,55
1950,94
1951,91
1952,59
1953,90
1954,78
1955,7
1956,18
1957,16
1958,88
1959,35
1960,83
1961,18
1962,33
1963,82
1964,56
1965,72
1966,28
1967,8
1968,42
1969,53
1970,33
1971,77
1972,63
1973,59
1974,34
1975,28
1976,58
1977,25
1978,8
1979,26
1980,10
1981,9
1982,45
1983,5
1984,38
1985,26
1986,24
1987,30
1988,95
1989,68
1990,53
1991,81
1992,3
1993,46
1994,51
1995,87
1996,4
1997,61
1998,74
1999,54
2000,15
2001,66
2002,33
2003,28
2004,90
2005,60
2006,11
2007,15
2008,0
2009,92
2010,79
2011,26
2012,84
2013,69
2014,1
2015,27
2016,79
2017,72
2018,82
2019,10
2020,17
2021,38
2022,99
2023,93
2024,51
2025,12
2026,5
2027,33
2028,9
2029,55
2030,78
2031,30
2032,76
2033,5
2034,3
2035,8
2036,57
2037,69
2038,88
2039,2
2040,88
2041,39
2042,83
2043,63
2044,9
2045,24
2046,56
2047,87
2048,52
2049,44
2050,46
2051,22
2052,89
2053,42
2054,53
2055,3
2056,22
2057,57
2058,8
2059,19
2060,62
2061,25
2062,0
2063,13
2064,21
2065,6
2066,89
2067,16
2068,90
2069,25
2070,55
2071,14
2072,55
2073,73
2074,10
2075,3
2076,24
2077,67
2078,53
2079,64
2080,19
2081,93
2082,10
2083,38
2084,63
2085,13
2086,37
2087,13
2088,48
2089,6
2090,39
2091,36
2092,38
2093,77
2094,94
2095,94
2096,10
2097,25
2098,80
2099,81
2100,11
2101,6
2102,53
2103,55
2104,25
2105,16
2106,86
2107,35
2108,35
2109,87
2110,37
2111,8
2112,24
2113,87
2114,81
2115,37
2116,63
2117,90
2118,83
2119,77
2120,78
2121,29
2122,54
2123,37
2124,13
2125,17
2126,36
2127,27
2128,9
2129,46
2130,57
2131,61
2132,95
2133,63
2134,53
2135,66
2136,21
2137,63
2138,73
2139,38
2140,81
2141,3
2142,93
2143,55
2144,47
2145,52
2146,16
2147,78
2148,14
2149,41
2150,34
2151,29
2152,52
2153,53
2154,49
2155,42
2156,52
2157,22
2158,92
2159,38
2160,11
2161,59
2162,64
2163,3
2164,81
2165,49
2166,33
2167,22
2168,95
2169,44
2170,45
2171,9
2172,59
2173,72
2174,86
2175,64
2176,22
2177,20
2178,11
2179,57
2180,47
2181,5
2182,8
2183,18
2184,40
2185,68
2186,24
2187,9
2188,98
2189,75
2190,42
2191,24
2192,80
2193,73
2194,65
2195,39
2196,15
2197,1
2198,30
2199,97
2200,21
2201,40
2202,29
2203,42
2204,25
2205,39
2206,56
2207,23
2208,37
2209,74
2210,19
2211,46
2212,37
2213,85
2214,75
2215,37
2216,39
2217,14
2218,75
2219,17
2220,77
2221,17
2222,99
2223,26
2224,27
2225,83
2226,80
2227,53
2228,48
2229,37
2230,93
2231,52
2232,63
2233,15
2234,83
2235,98
2236,97
2237,6
2238,33
2239,74
2240,26
2241,98
2242,84
2243,79
2244,74
2245,8
2246,27
2247,80
2248,52
2249,45
2250,1
2251,84
2252,23
2253,37
2254,66
2255,68
2256,14
2257,34
2258,43
2259,81
2260,62
2261,18
2262,19
2263,37
2264,69
2265,69
2266,77
2267,70
2268,29
2269,79
2270,93
2271,22
2272,30
2273,67
2274,92
2275,56
2276,19
2277,98
2278,97
2279,66
2280,67
2281,59
2282,13
2283,64
2284,3
2285,13
2286,97
2287,93
2288,41
2289,37
2290,37
2291,4
2292,92
2293,25
2294,15
2295,0
2296,76
2297,78
2298,22
2299,21
2300,0
2301,76
2302,47
2303,56
2304,60
2305,56
2306,63
2307,45
2308,50
2309,25
2310,61
2311,15
2312,52
2313,79
2314,19
2315,36
2316,32
2317,35
2318,79
2319,7
2320,81
2321,8
2322,13
2323,8
2324,8
2325,24
2326,42
2327,18
2328,64
2329,42
2330,88
2331,5
2332,56
2333,72
2334,12
2335,10
2336,35
2337,87
2338,92
2339,12
2340,53
2341,64
2342,96
2343,93
2344,96
2345,61
2346,80
2347,11
2348,57
2349,81
2350,15
2351,25
2352,90
2353,74
2354,52
2355,8
2356,17
2357,83
2358,65
2359,62
2360,21
2361,49
2362,24
2363,12
2364,41
2365,82
2366,63
2367,58
2368,64
2369,2
2370,21
2371,54
2372,70
2373,78
2374,98
2375,86
2376,93
2377,0
2378,73
2379,22
2380,78
2381,81
2382,49
2383,83
2384,37
2385,65
2386,79
2387,75
2388,88
2389,37
2390,88
2391,25
2392,35
2393,27
2394,16
2395,90
2396,24
2397,22
2398,67
2399,46
2400,43
2401,14
2402,34
2403,88
2404,94
2405,94
2406,25
2407,76
2408,67
2409,92
2410,85
2411,17
2412,69
2413,49
2414,5
2415,78
2416,88
2417,34
2418,84
2419,84
2420,45
2421,33
2422,51
2423,65
2424,69
2425,14
2426,61
2427,13
2428,60
2429,73
2430,29
2431,37
2432,12
2433,84
2434,67
2435,43
2436,77
2437,21
2438,52
2439,29
2440,75
2441,23
2442,90
2443,35
2444,81
2445,92
2446,64
2447,69
2448,63
2449,93
2450,39
2451,54
2452,78
2453,10
2454,54
2455,4
2456,37
2457,41
2458,76
2459,70
2460,36
2461,66
2462,7
2463,96
2464,41
2465,97
2466,15
2467,3
2468,38
2469,36
2470,61
2471,81
2472,68
2473,45
2474,7
2475,22
2476,77
2477,35
2478,69
2479,98
2480,8
2481,95
2482,65
2483,9
2484,18
2485,75
2486,54
2487,5
2488,12
2489,24
2490,60
2491,42
2492,97
2493,34
2494,21
2495,39
2496,43
2497,53
2498,49
2499,33
2500,98
2501,19
2502,63
2503,39
2504,5
2505,76
2506,44
2507,64
2508,5
2509,15
2510,9
2511,56
2512,94
2513,25
2514,86
2515,78
2516,43
2517,66
2518,34
2519,62
2520,59
2521,22
2522,85
2523,86
2524,11
2525,79
2526,34
2527,18
2528,36
2529,34
2530,98
2531,85
2532,81
2533,25
2534,51
2535,44
2536,61
2537,95
2538,63
2539,79
2540,98
2541,55
2542,30
2543,17
2544,98
2545,82
2546,85
2547,54
2548,31
2549,22
2550,7
2551,54
2552,67
2553,77
2554,0
2555,86
2556,41
2557,19
2558,26
2559,4
2560,75
2561,65
2562,61
2563,57
2564,92
2565,46
2566,89
2567,41
2568,88
2569,42
2570,94
2571,42
2572,64
2573,28
2574,39
2575,24
2576,91
2577,46
2578,62
2579,6
2580,77
2581,41
2582,27
2583,33
2584,41
2585,9
2586,88
2587,93
2588,67
2589,74
2590,27
2591,73
2592,6
2593,21
2594,6
2595,49
2596,77
2597,25
2598,14
2599,49
2600,78
2601,2
2602,23
2603,33
2604,62
2605,20
2606,96
2607,15
2608,18
2609,51
2610,44
2611,22
2612,76
2613,73
2614,19
2615,7
2616,5
2617,30
2618,8
2619,50
2620,33
2621,13
2622,78
2623,64
2624,78
2625,36
2626,76
2627,2
2628,94
2629,11
2630,11
2631,27
2632,11
2633,54
2634,87
2635,8
2636,96
2637,9
2638,8
2639,55
2640,19
2641,1
2642,34
2643,55
2644,87
2645,9
2646,72
2647,67
2648,60
2649,5
2650,55
2651,8
2652,8
2653,83
2654,16
2655,18
2656,64
2657,28
2658,65
2659,37
2660,5
2661,13
2662,11
2663,4
2664,30
2665,65
2666,92
2667,90
2668,25
2669,80
2670,7
2671,25
2672,36
2673,74
2674,57
2675,64
2676,67
2677,69
2678,86
2679,74
2680,69
2681,31
2682,31
2683,42
2684,29
2685,41
2686,39
2687,19
2688,94
2689,84
2690,92
2691,79
2692,8
2693,59
2694,36
2695,31
2696,42
2697,47
2698,88
2699,24
2700,70
2701,47
2702,76
2703,94
2704,33
2705,82
2706,24
2707,41
2708,70
2709,73
2710,18
2711,17
2712,97
2713,43
2714,77
2715,5
2716,49
2717,82
2718,17
2719,5
2720,35
2721,93
2722,28
2723,7
2724,17
2725,38
2726,21
2727,54
2728,48
2729,12
2730,30
2731,67
2732,9
2733,63
2734,84
2735,11
2736,68
2737,33
2738,24
2739,91
2740,77
2741,3
2742,12
2743,78
2744,94
2745,2
2746,27
2747,39
2748,35
2749,59
2750,33
2751,78
2752,34
2753,8
2754,35
2755,93
2756,71
2757,96
2758,46
2759,76
2760,80
2761,73
2762,52
2763,98
2764,25
2765,77
2766,14
2767,28
2768,7
2769,77
2770,95
2771,64
2772,29
2773,9
2774,69
2775,97
2776,77
2777,51
2778,76
2779,47
2780,64
2781,83
2782,66
2783,25
2784,66
2785,69
2786,25
2787,30
2788,51
2789,19
2790,25
2791,78
2792,61
2793,5
2794,21
2795,60
2796,77
2797,23
2798,37
2799,96
2800,64
2801,35
2802,21
2803,17
2804,5
2805,95
2806,1
2807,21
2808,43
2809,98
2810,47
2811,20
2812,73
2813,32
2814,93
2815,9
2816,13
2817,28
2818,34
2819,89
2820,78
2821,48
2822,64
2823,74
2824,25
2825,86
2826,58
2827,44
2828,46
2829,36
2830,73
2831,67
2832,79
2833,9
2834,98
2835,25
2836,5
2837,68
2838,71
2839,20
2840,38
2841,31
2842,9
2843,37
2844,13
2845,44
2846,7
2847,46
2848,51
2849,31
2850,42
2851,35
2852,76
2853,8
2854,45
2855,21
2856,66
2857,1
2858,5
2859,37
2860,21
2861,61
2862,15
2863,41
2864,54
2865,90
2866,70
2867,58
2868,12
2869,70
2870,86
2871,15
2872,2
2873,31
2874,94
2875,2
2876,27
2877,97
2878,85
2879,88
2880,54
2881,55
2882,39
2883,65
2884,25
2885,33
2886,98
2887,18
2888,53
2889,37
2890,1
2891,32
2892,40
2893,83
2894,25
2895,80
2896,78
2897,71
2898,55
2899,9
2900,6
2901,39
2902,2
2903,18
2904,72
2905,0
2906,29
2907,54
2908,20
2909,36
2910,53
2911,33
2912,77
2913,18
2914,33
2915,49
2916,20
2917,37
2918,97
2919,48
2920,98
2921,6
2922,69
2923,85
2924,9
2925,92
2926,38
2927,37
2928,30
2929,12
2930,21
2931,92
2932,65
2933,50
2934,66
2935,22
2936,75
2937,67
2938,19
2939,40
2940,77
2941,7
2942,90
2943,49
2944,93
2945,44
2946,29
2947,5
2948,60
2949,72
2950,79
2951,20
2952,78
2953,25
2954,84
2955,18
2956,5
2957,64
2958,55
2959,49
2960,2
2961,62
2962,67
2963,56
2964,43
2965,24
2966,82
2967,41
2968,5
2969,51
2970,39
2971,41
2972,4
2973,3
2974,10
2975,12
2976,61
2977,76
2978,83
2979,7
2980,30
2981,91
2982,67
2983,20
2984,37
2985,54
2986,8
2987,78
2988,6
2989,4
2990,98
2991,13
2992,83
2993,11
2994,36
2995,80
2996,70
2997,24
2998,45
2999,61
3000,81
3001,43
3002,2
3003,6
3004,10
3005,23
3006,5
3007,86
3008,25
3009,30
3010,17
3011,11
3012,8
3013,3
3014,73
3015,20
3016,43
3017,61
3018,6
3019,35
3020,42
3021,10
3022,36
3023,20
3024,94
3025,23
3026,89
3027,19
3028,79
3029,79
3030,1
3031,46
3032,9
3033,1
3034,70
3035,13
3036,8
3037,73
3038,9
3039,74
3040,8
3041,30
3042,68
3043,24
3044,37
3045,66
3046,44
3047,71
3048,77
3049,97
3050,11
3051,18
3052,86
3053,66
3054,76
3055,66
3056,81
3057,23
3058,80
3059,11
3060,25
3061,48
3062,43
3063,59
3064,56
3065,83
3066,33
3067,3
3068,37
3069,73
3070,90
3071,8
3072,20
3073,70
3074,53
3075,69
3076,54
3077,62
3078,72
3079,5
3080,76
3081,16
3082,29
3083,94
3084,59
3085,22
3086,54
3087,86
3088,78
3089,81
3090,21
3091,6
3092,63
3093,72
3094,4
3095,12
3096,58
3097,70
3098,89
3099,63
3100,7
3101,63
3102,7
3103,18
3104,43
3105,56
3106,17
3107,8
3108,92
3109,92
3110,69
3111,51
3112,38
3113,2
3114,11
3115,98
3116,81
3117,94
3118,86
3119,51
3120,62
3121,51
3122,32
3123,69
3124,49
3125,81
3126,30
3127,15
3128,12
3129,37
3130,9
3131,32
3132,15
3133,52
3134,27
3135,15
3136,11
3137,67
3138,63
3139,11
3140,2
3141,9
3142,0
3143,11
3144,83
3145,81
3146,37
3147,87
3148,61
3149,14
3150,52
3151,97
3152,17
3153,41
3154,11
3155,54
3156,51
3157,84
3158,54
3159,1
3160,41
3161,55
3162,47
3163,11
3164,68
3165,75
3166,43
3167,5
3168,36
3169,2
3170,96
3171,42
3172,21
3173,31
3174,21
3175,15
3176,93
3177,49
3178,25
3179,52
3180,53
3181,1
3182,66
3183,87
3184,8
3185,55
3186,70
3187,42
3188,51
3189,37
3190,62
3191,18
3192,53
3193,33
3194,13
3195,61
3196,26
3197,95
3198,43
3199,16
3200,29
3201,39
3202,85
3203,56
3204,83
3205,54
3206,30
3207,70
3208,78
3209,86
3210,38
3211,91
3212,82
3213,73
3214,31
3215,31
3216,80
3217,72
3218,78
3219,17
3220,72
3221,22
3222,81
3223,13
3224,52
3225,93
3226,20
3227,75
3228,16
3229,61
3230,41
3231,61
3232,75
3233,8
3234,63
3235,0
3236,88
3237,87
3238,90
3239,90
3240,11
3241,58
3242,5
3243,38
3244,57
3245,86
3246,13
3247,3
3248,87
3249,1
3250,21
3251,39
3252,15
3253,25
3254,86
3255,11
3256,56
3257,71
3258,5
3259,26
3260,57
3261,64
3262,94
3263,13
3264,1
3265,42
3266,42
3267,13
3268,83
3269,64
3270,80
3271,7
3272,43
3273,23
3274,94
3275,93
3276,4
3277,21
3278,40
3279,63
3280,96
3281,57
3282,59
3283,68
3284,97
3285,75
3286,79
3287,93
3288,18
3289,84
3290,56
3291,1
3292,62
3293,89
3294,83
3295,45
3296,6
3297,69
3298,67
3299,21
3300,54
3301,62
3302,46
3303,37
3304,5
3305,38
3306,25
3307,21
3308,52
3309,84
3310,59
3311,16
3312,77
3313,6
3314,63
3315,86
3316,20
3317,77
3318,18
3319,99
3320,54
3321,22
3322,96
3323,10
3324,42
3325,73
3326,81
3327,28
3328,62
3329,33
3330,46
3331,26
3332,33
3333,14
3334,55
3335,86
3336,25
3337,79
3338,36
3339,44
3340,47
3341,92
3342,68
3343,28
3344,92
3345,30
3346,86
3347,13
3348,86
3349,17
3350,39
3351,33
3352,25
3353,13
3354,78
3355,80
3356,56
3357,54
3358,97
3359,17
3360,7
3361,96
3362,56
3363,75
3364,77
3365,87
3366,14
3367,40
3368,6
3369,64
3370,58
3371,70
3372,84
3373,49
3374,14
3375,61
3376,70
3377,84
3378,44
3379,75
3380,2
3381,53
3382,30
3383,17
3384,29
3385,59
3386,15
3387,3
3388,39
3389,98
3390,65
3391,65
3392,38
3393,17
3394,8
3395,73
3396,22
3397,47
3398,66
3399,8
3400,36
3401,61
3402,30
3403,67
3404,49
3405,93
3406,28
3407,12
3408,61
3409,64
3410,7
3411,14
3412,4
3413,25
3414,41
3415,59
3416,18
3417,31
3418,75
3419,11
3420,94
3421,51
3422,20
3423,81
3424,61
3425,63
3426,56
3427,25
3428,70
3429,32
3430,85
3431,40
3432,11
3433,82
3434,64
3435,70
3436,13
3437,43
3438,69
3439,19
3440,72
3441,77
3442,26
3443,96
3444,99
3445,93
3446,0
3447,24
3448,74
3449,54
3450,84
3451,19
3452,54
3453,72
3454,89
3455,20
3456,28
3457,12
3458,76
3459,63
3460,96
3461,19
3462,13
3463,49
3464,8
3465,33
3466,93
3467,34
3468,49
3469,55
3470,90
3471,75
3472,55
3473,47
3474,31
3475,98
3476,84
3477,99
3478,74
3479,8
3480,39
3481,7
3482,42
3483,52
3484,90
3485,26
3486,0
3487,64
3488,99
3489,80
3490,51
3491,15
3492,44
3493,13
3494,92
3495,98
3496,26
3497,39
3498,25
3499,9
3500,72
3501,32
3502,63
3503,81
3504,34
3505,84
3506,47
3507,86
3508,72
3509,77
3510,62
3511,0
3512,68
3513,7
3514,67
3515,84
3516,13
3517,10
3518,47
3519,63
3520,11
3521,51
3522,60
3523,56
3524,72
3525,79
3526,64
3527,98
3528,61
3529,40
3530,16
3531,59
3532,3
3533,45
3534,80
3535,41
3536,64
3537,59
3538,50
3539,72
3540,19
3541,37
3542,33
3543,94
3544,88
3545,70
3546,91
3547,54
3548,68
3549,88
3550,34
3551,82
3552,61
3553,62
3554,42
3555,19
3556,1
3557,99
3558,57
3559,51
3560,42
3561,75
3562,2
3563,54
3564,21
3565,89
3566,88
3567,45
3568,17
3569,53
3570,37
3571,62
3572,98
3573,53
3574,49
3575,32
3576,65
3577,29
3578,12
3579,10
3580,92
3581,42
3582,20
3583,8
3584,85
3585,46
3586,67
3587,65
3588,26
3589,37
3590,27
3591,25
3592,41
3593,27
3594,43
3595,61
3596,13
3597,94
3598,1
3599,90
3600,32
3601,70
3602,96
3603,71
3604,12
3605,95
3606,26
3607,35
3608,39
3609,9
3610,53
3611,17
3612,36
3613,87
3614,99
3615,20
3616,92
3617,50
3618,88
3619,31
3620,63
3621,25
3622,63
3623,88
3624,11
3625,9
3626,68
3627,68
3628,32
3629,55
3630,99
3631,98
3632,17
3633,62
3634,40
3635,44
3636,14
3637,42
3638,98
3639,94
3640,17
3641,34
3642,57
3643,16
3644,24
3645,22
3646,43
3647,23
3648,82
3649,66
3650,51
3651,80
3652,69
3653,22
3654,52
3655,86
3656,80
3657,19
3658,58
3659,20
3660,69
3661,28
3662,83
3663,53
3664,54
3665,66
3666,26
3667,78
3668,72
3669,84
3670,53
3671,64
3672,65
3673,12
3674,28
3675,45
3676,20
3677,86
3678,61
3679,36
3680,54
3681,8
3682,62
3683,78
3684,37
3685,84
3686,87
3687,70
3688,75
3689,98
3690,73
3691,77
3692,47
3693,4
3694,49
3695,15
3696,67
3697,93
3698,38
3699,19
3700,85
3701,15
3702,17
3703,69
3704,22
3705,80
3706,63
3707,46
3708,84
3709,21
3710,29
3711,86
3712,57
3713,97
3714,88
3715,54
3716,42
3717,20
3718,69
3719,39
3720,60
3721,84
3722,55
3723,8
3724,86
3725,89
3726,75
3727,47
3728,36
3729,13
3730,89
3731,46
3732,25
3733,5
3734,2
3735,13
3736,88
3737,15
3738,16
3739,83
3740,95
3741,20
3742,8
3743,83
3744,87
3745,95
3746,77
3747,45
3748,75
3749,7
3750,11
3751,86
3752,17
3753,74
3754,69
3755,8
3756,78
3757,78
3758,20
3759,22
3760,58
3761,92
3762,8
3763,40
3764,42
3765,77
3766,91
3767,70
3768,55
3769,26
3770,86
3771,67
3772,37
3773,14
3774,70
3775,46
3776,7
3777,22
3778,59
3779,7
3780,77
3781,56
3782,51
3783,93
3784,84
3785,98
3786,72
3787,54
3788,73
3789,54
3790,60
3791,62
3792,90
3793,71
3794,44
3795,57
3796,70
3797,37
3798,80
3799,8
3800,69
3801,85
3802,34
3803,41
3804,12
3805,95
3806,22
3807,30
3808,24
3809,20
3810,1
3811,12
3812,70
3813,94
3814,26
3815,51
3816,36
3817,98
3818,74
3819,17
3820,95
3821,16
3822,59
3823,87
3824,63
3825,12
3826,40
3827,1
3828,27
3829,23
3830,0
3831,14
3832,70
3833,15
3834,18
3835,14
3836,94
3837,32
3838,19
3839,60
3840,39
3841,77
3842,96
3843,70
3844,74
3845,15
3846,43
3847,76
3848,33
3849,40
3850,90
3851,6
3852,7
3853,69
3854,30
3855,97
3856,86
3857,15
3858,51
3859,68
3860,85
3861,28
3862,39
3863,7
3864,6
3865,59
3866,44
3867,38
3868,57
3869,5
3870,13
3871,17
3872,6
3873,16
3874,62
3875,14
3876,99
3877,46
3878,18
3879,49
3880,91
3881,61
3882,84
3883,53
3884,61
3885,35
3886,76
3887,97
3888,40
3889,87
3890,17
3891,93
3892,77
3893,19
3894,75
3895,93
3896,3
3897,79
3898,52
3899,96
3900,24
3901,37
3902,5
3903,32
3904,25
3905,41
3906,14
3907,7
3908,72
3909,5
3910,43
3911,35
3912,55
3913,16
3914,34
3915,53
3916,27
3917,39
3918,36
3919,37
3920,36
3921,71
3922,13
3923,94
3924,2
3925,69
3926,93
3927,6
3928,5
3929,11
3930,26
3931,34
3932,82
3933,63
3934,15
3935,78
3936,13
3937,97
3938,43
3939,48
3940,37
3941,2
3942,87
3943,45
3944,42
3945,41
3946,67
3947,13
3948,63
3949,1
3950,78
3951,31
3952,86
3953,60
3954,0
3955,63
3956,34
3957,93
3958,65
3959,33
3960,33
3961,9
3962,75
3963,96
3964,57
3965,66
3966,31
3967,17
3968,94
3969,5
3970,31
3971,18
3972,64
3973,46
3974,73
3975,57
3976,89
3977,37
3978,62
3979,70
3980,91
3981,85
3982,9
3983,88
3984,5
3985,43
3986,83
3987,67
3988,11
3989,21
3990,32
3991,99
3992,60
3993,98
3994,88
3995,20
3996,98
3997,7
3998,7
3999,28
4000,39
4001,24
4002,91
4003,37
4004,33
4005,26
4006,49
4007,38
4008,88
4009,37
4010,1
4011,52
4012,14
4013,53
4014,95
4015,43
4016,50
4017,18
4018,84
4019,8
4020,37
4021,37
4022,83
4023,51
4024,86
4025,37
4026,9
4027,11
4028,41
4029,76
4030,37
4031,94
4032,66
4033,0
4034,72
4035,8
4036,37
4037,8
4038,39
4039,46
4040,56
4041,19
4042,0
4043,43
4044,51
4045,51
4046,11
4047,43
4048,90
4049,98
4050,13
4051,52
4052,75
4053,5
4054,13
4055,56
4056,12
4057,66
4058,93
4059,34
4060,67
4061,91
4062,58
4063,65
4064,0
4065,54
4066,69
4067,43
4068,39
4069,23
4070,74
4071,18
4072,92
4073,13
4074,55
4075,59
4076,26
4077,7
4078,77
4079,40
4080,92
4081,86
4082,82
4083,73
4084,16
4085,80
4086,69
4087,63
4088,16
4089,5
4090,18
4091,69
4092,76
4093,11
4094,12
4095,73
4096,42
4097,34
4098,77
4099,73
4100,30
4101,55
4102,91
4103,0
4104,94
4105,85
4106,64
4107,2
4108,67
4109,47
4110,11
4111,97
4112,93
4113,18
4114,71
4115,77
4116,22
4117,84
4118,82
4119,80
4120,40
4121,16
4122,64
4123,88
4124,85
4125,58
4126,55
4127,38
4128,98
4129,32
4130,37
4131,37
4132,44
4133,25
4134,29
4135,48
4136,45
4137,71
4138,28
4139,12
4140,31
4141,87
4142,84
4143,73
4144,52
4145,98
4146,13
4147,21
4148,7
4149,40
4150,97
4151,41
4152,56
4153,45
4154,62
4155,74
4156,62
4157,69
4158,4
4159,31
4160,15
4161,77
4162,7
4163,89
4164,42
4165,31
4166,47
4167,11
4168,41
4169,40
4170,65
4171,30
4172,77
4173,60
4174,20
4175,34
4176,89
4177,67
4178,41
4179,18
4180,65
4181,13
4182,83
4183,58
4184,24
4185,73
4186,33
4187,69
4188,74
4189,56
4190,6
4191,41
4192,99
4193,65
4194,12
4195,56
4196,7
4197,74
4198,47
4199,23
4200,29
4201,88
4202,6
4203,37
4204,20
4205,88
4206,20
4207,75
4208,46
4209,7
4210,69
4211,75
4212,95
4213,25
4214,69
4215,37
4216,6
4217,62
4218,98
4219,25
4220,32
4221,17
4222,26
4223,67
4224,2
4225,14
4226,35
4227,9
4228,56
4229,69
4230,28
4231,30
4232,70
4233,77
4234,64
4235,29
4236,34
4237,53
4238,82
4239,91
4240,13
4241,74
4242,31
4243,69
4244,92
4245,31
4246,55
4247,9
4248,47
4249,69
4250,84
4251,90
4252,86
4253,37
4254,92
4255,66
4256,1
4257,96
4258,75
4259,79
4260,15
4261,14
4262,13
4263,66
4264,79
4265,29
4266,60
4267,77
4268,85
4269,52
4270,84
4271,30
4272,35
4273,99
4274,13
4275,13
4276,88
4277,41
4278,42
4279,14
4280,83
4281,98
4282,58
4283,86
4284,26
4285,6
4286,92
4287,6
4288,98
4289,11
4290,70
4291,77
4292,96
4293,63
4294,34
4295,11
4296,6
4297,10
4298,7
4299,9
4300,51
4301,22
4302,34
4303,53
4304,73
4305,10
4306,81
4307,72
4308,69
4309,43
4310,42
4311,10
4312,76
4313,27
4314,77
4315,84
4316,78
4317,90
4318,11
4319,60
4320,57
4321,33
4322,22
4323,11
4324,28
4325,40
4326,34
4327,30
4328,37
4329,90
4330,84
4331,45
4332,23
4333,14
4334,5
4335,59
4336,90
4337,46
4338,69
4339,25
4340,19
4341,44
4342,6
4343,10
4344,13
4345,72
4346,69
4347,65
4348,1
4349,76
4350,45
4351,88
4352,90
4353,37
4354,89
4355,95
4356,92
4357,57
4358,97
4359,52
4360,13
4361,56
4362,93
4363,2
4364,41
4365,86
4366,8
4367,4
4368,57
4369,9
4370,68
4371,65
4372,73
4373,4
4374,67
4375,68
4376,22
4377,77
4378,59
4379,40
4380,11
4381,23
4382,96
4383,42
4384,37
4385,98
4386,18
4387,37
4388,93
4389,95
4390,75
4391,14
4392,49
4393,54
4394,5
4395,75
4396,89
4397,11
4398,64
4399,49
4400,39
4401,18
4402,2
4403,37
4404,88
4405,56
4406,94
4407,46
4408,45
4409,47
4410,77
4411,88
4412,90
4413,30
4414,9
4415,52
4416,99
4417,28
4418,55
4419,90
4420,76
4421,46
4422,95
4423,60
4424,36
4425,98
4426,4
4427,15
4428,15
4429,37
4430,36
4431,90
4432,14
4433,83
4434,57
4435,36
4436,6
4437,84
4438,2
4439,97
4440,31
4441,25
4442,25
4443,43
4444,1
4445,21
4446,75
4447,25
4448,70
4449,33
4450,38
4451,46
4452,46
4453,35
4454,55
4455,95
4456,21
4457,31
4458,69
4459,49
4460,25
4461,37
4462,96
4463,81
4464,44
4465,38
4466,8
4467,9
4468,27
4469,84
4470,65
4471,93
4472,11
4473,42
4474,68
4475,9
4476,34
4477,6
4478,1
4479,8
4480,95
4481,14
4482,34
4483,67
4484,29
4485,69
4486,89
4487,62
4488,48
4489,4
4490,8
4491,13
4492,34
4493,42
4494,97
4495,37
4496,66
4497,28
4498,98
4499,51
4500,13
4501,35
4502,93
4503,74
4504,18
4505,23
4506,54
4507,5
4508,0
4509,82
4510,26
4511,33
4512,36
4513,75
4514,21
4515,22
4516,60
4517,72
4518,55
4519,42
4520,20
4521,83
4522,96
4523,76
4524,87
4525,77
4526,53
4527,89
4528,42
4529,13
4530,52
4531,24
4532,45
4533,6
4534,83
4535,76
4536,37
4537,70
4538,95
4539,43
4540,35
4541,54
4542,20
4543,96
4544,93
4545,53
4546,99
4547,78
4548,34
4549,62
4550,87
4551,28
4552,24
4553,75
4554,90
4555,62
4556,33
4557,14
4558,48
4559,86
4560,19
4561,69
4562,4
4563,59
4564,84
4565,33
4566,89
4567,55
4568,66
4569,99
4570,21
4571,1
4572,6
4573,14
4574,61
4575,76
4576,22
4577,51
4578,37
4579,42
4580,18
4581,19
4582,41
4583,31
4584,21
4585,30
4586,40
4587,63
4588,28
4589,97
4590,74
4591,96
4592,44
4593,11
4594,30
4595,1
4596,11
4597,98
4598,13
4599,90
4600,11
4601,47
4602,59
4603,41
4604,56
4605,61
4606,78
4607,98
4608,9
4609,51
4610,29
4611,88
4612,7
4613,96
4614,54
4615,83
4616,37
4617,28
4618,69
4619,88
4620,63
4621,36
4622,55
4623,84
4624,87
4625,3
4626,16
4627,15
4628,40
4629,37
4630,8
4631,64
4632,5
4633,39
4634,33
4635,7
4636,0
4637,55
4638,63
4639,97
4640,36
4641,67
4642,87
4643,52
4644,78
4645,28
4646,88
4647,80
4648,54
4649,65
4650,74
4651,17
4652,76
4653,69
4654,41
4655,3
4656,9
4657,31
4658,60
4659,16
4660,17
4661,55
4662,52
4663,85
4664,51
4665,34
4666,53
4667,27
4668,33
4669,67
4670,19
4671,30
4672,79
4673,49
4674,78
4675,3
4676,8
4677,56
4678,92
4679,30
4680,60
4681,15
4682,78
4683,71
4684,69
4685,46
4686,57
4687,89
4688,93
4689,98
4690,72
4691,82
4692,67
4693,75
4694,18
4695,25
4696,67
4697,60
4698,3
4699,58
4700,94
4701,54
4702,25
4703,83
4704,33
4705,49
4706,71
4707,61
4708,54
4709,33
4710,24
4711,35
4712,13
4713,84
4714,25
4715,22
4716,88
4717,55
4718,15
4719,63
4720,88
4721,97
4722,68
4723,75
4724,25
4725,22
4726,72
4727,94
4728,46
4729,81
4730,81
4731,31
4732,85
4733,5
4734,18
4735,69
4736,74
4737,77
4738,15
4739,22
4740,87
4741,44
4742,74
4743,79
4744,30
4745,69
4746,14
4747,98
4748,34
4749,62
4750,11
4751,14
4752,38
4753,16
4754,11
4755,68
4756,73
4757,18
4758,53
4759,6
4760,76
4761,41
4762,46
4763,15
4764,22
4765,25
4766,57
4767,31
4768,5
4769,14
4770,24
4771,52
4772,52
4773,21
4774,49
4775,40
4776,1
4777,13
4778,96
4779,64
4780,30
4781,97
4782,26
4783,47
4784,63
4785,4
4786,24
4787,21
4788,67
4789,77
4790,29
4791,37
4792,82
4793,18
4794,7
4795,52
4796,54
4797,37
4798,69
4799,62
4800,15
4801,27
4802,30
4803,54
4804,40
4805,32
4806,65
4807,74
4808,85
4809,87
4810,37
4811,7
4812,95
4813,53
4814,55
4815,7
4816,16
4817,40
4818,34
4819,40
4820,8
4821,5
4822,17
4823,83
4824,64
4825,36
4826,33
4827,57
4828,70
4829,37
4830,66
4831,90
4832,56
4833,62
4834,56
4835,20
4836,1
4837,63
4838,52
4839,5
4840,47
4841,24
4842,8
4843,63
4844,77
4845,14
4846,5
4847,53
4848,36
4849,11
4850,28
4851,46
4852,72
4853,67
4854,7
4855,88
4856,56
4857,84
4858,83
4859,77
4860,6
4861,52
4862,54
4863,21
4864,68
4865,73
4866,39
4867,55
4868,63
4869,97
4870,15
4871,73
4872,89
4873,30
4874,69
4875,82
4876,40
4877,71
4878,17
4879,46
4880,7
4881,70
4882,64
4883,6
4884,30
4885,48
4886,56
4887,19
4888,26
4889,78
4890,70
4891,96
4892,80
4893,13
4894,39
4895,14
4896,4
4897,87
4898,26
4899,43
4900,76
4901,33
4902,22
4903,31
4904,86
4905,27
4906,92
4907,51
4908,14
4909,70
4910,69
4911,37
4912,11
4913,65
4914,70
4915,18
4916,59
4917,51
4918,60
4919,83
4920,88
4921,21
4922,69
4923,7
4924,74
4925,51
4926,32
4927,33
4928,94
4929,5
4930,27
4931,17
4932,70
4933,4
4934,17
4935,11
4936,3
4937,42
4938,40
4939,3
4940,32
4941,26
4942,53
4943,42
4944,93
4945,20
4946,27
4947,12
4948,6
4949,63
4950,18
4951,3
4952,7
4953,44
4954,9
4955,66
4956,27
4957,63
4958,8
4959,4
4960,9
4961,92
4962,86
4963,93
4964,51
4965,66
4966,48
4967,0
4968,63
4969,8
4970,22
4971,47
4972,69
4973,21
4974,93
4975,25
4976,77
